2.187423996622521738e+00
7.965590625195730912e-01
5.449359213211852904e-01
2.770749162489511974e-01
2.149771388161554053e-01
2.097267705522843362e-01
1.822910729736857416e-01
1.569944612715040988e-01
1.333359615893799366e-01
1.214143990480894830e-01
1.176507214152333891e-01
1.142782503948333583e-01
1.079850284792618909e-01
1.033348353712336409e-01
9.086885041815535857e-02
8.691926422191771640e-02
8.389733601563664767e-02
8.113610506359517083e-02
7.568439864861428723e-02
7.418972333019975551e-02
6.910517450304320963e-02
6.707081394176214739e-02
6.587563889942771311e-02
6.290095168168965967e-02
6.268132782612950704e-02
6.001568056734524204e-02
5.866390436450417273e-02
5.753246001832846429e-02
5.656480088326133748e-02
5.541879330487445993e-02
5.359225636132781273e-02
5.307737481896646764e-02
5.161584189133582024e-02
5.076280927011547761e-02
4.892561397315944166e-02
4.825961392173138548e-02
4.751472219253967399e-02
4.637034340399840554e-02
4.613801952108743942e-02
4.507166170658279819e-02
4.436479131146524313e-02
4.389855778057680236e-02
4.358716771549556862e-02
4.240506322977372761e-02
4.098736082948692405e-02
4.053464817782363033e-02
3.990280421231015562e-02
3.939506421601044611e-02
3.898532850537465844e-02
3.851725712499599885e-02
3.828828141358493753e-02
3.783652180654330233e-02
3.700034460695165311e-02
3.642176658535504347e-02
3.617323281606604768e-02
3.567365279877490747e-02
3.484866239876936722e-02
3.458819511836384863e-02
3.390857292265415934e-02
3.306939988016989462e-02
3.270828508599740725e-02
3.212894723564997668e-02
3.183343036018456557e-02
3.151692117490977052e-02
3.110716927632143150e-02
3.063894188294621901e-02
3.028661429611008427e-02
3.006083062104015699e-02
2.947646808838568985e-02
2.924722786760947796e-02
2.892743503461284518e-02
2.859144521114877560e-02
2.769245557053862800e-02
2.748450982258491757e-02
2.742590440417175951e-02
2.704543003500914020e-02
2.642642575555109036e-02
2.631116821065529812e-02
2.607769044769989164e-02
2.589631941417353325e-02
2.566924587897385923e-02
2.551088461705552576e-02
2.509966089500158953e-02
2.494853244821569269e-02
2.446651854310678484e-02
2.428635948885913415e-02
2.400513200899136515e-02
2.376637591533245497e-02
2.340711992432997768e-02
2.314968186072174222e-02
2.290126372273705233e-02
2.267415949685153143e-02
2.254808224686705165e-02
2.231979192884672725e-02
2.222025189876754639e-02
2.175864530744865688e-02
2.168337692055413018e-02
2.147713801239728784e-02
2.117921483384412051e-02
2.094100404465085163e-02
2.066900092320536966e-02
2.038896259878148279e-02
2.027453498351730957e-02
2.006248922411745655e-02
2.001417770207361904e-02
1.977696574060389123e-02
1.963802017884513224e-02
1.947816964197989290e-02
1.922840356834586845e-02
1.904042094552357497e-02
1.880982785346764150e-02
1.862598912478624635e-02
1.847881355439727827e-02
1.845335846083297551e-02
1.825359078939912255e-02
1.818130834573039936e-02
1.784850978903370494e-02
1.779929599190001668e-02
1.770310696708013790e-02
1.764215532071040926e-02
1.742752213942139888e-02
1.724281832183064897e-02
1.706227739553128203e-02
1.692368752688146877e-02
1.687600692668721897e-02
1.670026592004317939e-02
1.658056840315341729e-02
1.649671497682605667e-02
1.642106038761947939e-02
1.623963620759255599e-02
1.606405864529208277e-02
1.592178945984099384e-02
1.581900266554274112e-02
1.573500530832952493e-02
1.568243228780789172e-02
1.562354063200381213e-02
1.543465447554978956e-02
1.530486259066931622e-02
1.516209816782944191e-02
1.506639367843550306e-02
1.500114888521457933e-02
1.487396807094445821e-02
1.476486015772963435e-02
1.466108831003047445e-02
1.458354805147049973e-02
1.449430309705474623e-02
1.437445798443290519e-02
1.427561075262667040e-02
1.418925226307295173e-02
1.411769173074797420e-02
1.400162533195514585e-02
1.387275516911178411e-02
1.382226051839558455e-02
1.374032138376038090e-02
1.365844461360265008e-02
1.357887867116426735e-02
1.354041206336750042e-02
1.345451257365536460e-02
1.335921429979471976e-02
1.321058432259937521e-02
1.315655854210224900e-02
1.312994781105875607e-02
1.301635120489404510e-02
1.298880780632821232e-02
1.278117274697313822e-02
1.273382973007997597e-02
1.267575505175540240e-02
1.262321000525161441e-02
1.255026972027737005e-02
1.244753147128053322e-02
1.243683139577909415e-02
1.236783289582331358e-02
1.226633681982678033e-02
1.219142410214079861e-02
1.217700464375806070e-02
1.206082012114434270e-02
1.199397728532030673e-02
1.191853907344162661e-02
1.179638013620835403e-02
1.176090987412367443e-02
1.171290945762106135e-02
1.160675288197110695e-02
1.157920275739882619e-02
1.151813856527079960e-02
1.143443205502949443e-02
1.133347329722790044e-02
1.130482637220544401e-02
1.129044189775662253e-02
1.122133697758179345e-02
1.116746599458071434e-02
1.111836407404382353e-02
1.107493107721629899e-02
1.101484166478561809e-02
1.099923457963022412e-02
1.092591228203781614e-02
1.087543539420902233e-02
1.077627085659077499e-02
1.074456719302530755e-02
1.065929053284793079e-02
1.064300263874383250e-02
1.058094619857559079e-02
1.056776577515808335e-02
1.046741779589709966e-02
1.043129106614208365e-02
1.040060503825777395e-02
1.029866991821081629e-02
1.029083603445835743e-02
1.022934629683640295e-02
1.013712896745142152e-02
1.010485954336208525e-02
1.006280540518439924e-02
1.004318684307684874e-02
9.979780367468205765e-03
9.896645126244021234e-03
9.827455219657393534e-03
9.808807207244835125e-03
9.777835026530139542e-03
9.750413470278636655e-03
9.694317531803881352e-03
9.645773926391225730e-03
9.636008242858651318e-03
9.514887568383657498e-03
9.491204547761483354e-03
9.474020468877155515e-03
9.432794345924261012e-03
9.402212556702049112e-03
9.352992971867037444e-03
9.329767038814638230e-03
9.271519579132338207e-03
9.241265416600539032e-03
9.217581892651954822e-03
9.171675697413726389e-03
9.132896428118066762e-03
9.106984586034035795e-03
9.037424107544524132e-03
9.023512583401713250e-03
8.985551317565846491e-03
8.966016272979234966e-03
8.922329605608618486e-03
8.882706479833343827e-03
8.828013202298458373e-03
8.804729551134864163e-03
8.754261536829581816e-03
8.701173647135376082e-03
8.633925884483494018e-03
8.595606864350289686e-03
8.581813531609619808e-03
8.573800009404679637e-03
8.544662008307323323e-03
8.510499343545061685e-03
8.472115578255848267e-03
8.420301739209476444e-03
8.369384076731370067e-03
8.365816641433517289e-03
8.310100266964911067e-03
8.285702968500629345e-03
8.248770048059730561e-03
8.237128174477819156e-03
8.182170189969245958e-03
8.152753188557354189e-03
8.128015038633657624e-03
8.120475258418847347e-03
8.073905040943882977e-03
8.016403285686377403e-03
8.004056788499674252e-03
7.985028394855387887e-03
7.968948936351973392e-03
7.921023730506269317e-03
7.865027143726884690e-03
7.847434053072395790e-03
7.810090639356662666e-03
7.789478897416343348e-03
7.745268441640308123e-03
7.721348500965335461e-03
7.701726640174308414e-03
7.658728893379530139e-03
7.648560551547910202e-03
7.637881485304798095e-03
7.596443236463892336e-03
7.562891909229198413e-03
7.537725282045756002e-03
7.500198304722768307e-03
7.467020260185182855e-03
7.464862918243711162e-03
7.435203440943081131e-03
7.390972307170738491e-03
7.383816684056093531e-03
7.366537484570677245e-03
7.352878818219215663e-03
7.293596488711547206e-03
7.254046507245491375e-03
7.224123160255450232e-03
7.202802575543382387e-03
7.194725045839174375e-03
7.155979033851386784e-03
7.145678191104757812e-03
7.135931901184604242e-03
7.108174933173944457e-03
7.084909016793717804e-03
7.059484740104580471e-03
