2.331716830428622433e+00
7.578468509750764248e-01
5.770641586598368455e-01
3.021832063044790906e-01
2.323362898480474947e-01
1.853343010229585031e-01
1.727980349679800465e-01
1.454212034864455494e-01
1.384202832199957212e-01
1.360743360754348430e-01
1.269536399282278905e-01
1.082123140263350769e-01
1.014775275235517832e-01
9.817471911184175171e-02
9.183425628702752974e-02
8.838253872496705521e-02
8.474589461427239900e-02
7.848305244754988363e-02
7.726707112848575643e-02
7.028048890485436018e-02
6.768793786463825346e-02
6.508199735106919015e-02
6.460966044654367635e-02
6.427619324575194193e-02
6.069417850000075054e-02
5.952374260960082569e-02
5.796062496026044286e-02
5.697485726204996881e-02
5.655573204094591078e-02
5.477167030865746217e-02
5.404478495821779527e-02
5.178379430082956369e-02
5.095463671475637668e-02
4.952047510212902875e-02
4.886724973282530193e-02
4.822652600443915610e-02
4.633837864613350732e-02
4.577163941173564843e-02
4.499416953889948806e-02
4.383025592653684577e-02
4.308820672879654784e-02
4.224349141697979898e-02
4.108651379708794932e-02
4.060058392729792159e-02
4.035352035224629846e-02
3.999847870815467776e-02
3.882907634171969130e-02
3.847675353329409881e-02
3.766723241493229873e-02
3.764328381385605854e-02
3.734944478650974176e-02
3.660331136211782826e-02
3.629673035605416459e-02
3.573765548666810871e-02
3.553778586294023545e-02
3.452879523270240003e-02
3.353073825369292521e-02
3.285735363374080176e-02
3.274670086368720173e-02
3.232801827196723349e-02
3.161762937998778555e-02
3.130734674007693008e-02
3.092037054080771369e-02
3.035234124141006351e-02
2.996147003954893751e-02
2.937781741575819922e-02
2.920309091113671915e-02
2.913010047001327041e-02
2.887193374084190065e-02
2.849730983117754191e-02
2.806043625308716344e-02
2.746554992482111088e-02
2.729842758179334972e-02
2.709051002459822097e-02
2.660756755442088284e-02
2.635854948062860484e-02
2.602200795873743991e-02
2.558290933038699991e-02
2.504636593685431040e-02
2.476366330698188956e-02
2.446356968250208014e-02
2.431008428416864611e-02
2.385819474112457067e-02
2.381754368918742593e-02
2.361069832334541235e-02
2.334706349589364682e-02
2.300929199924145810e-02
2.286622914435166437e-02
2.254527192943459740e-02
2.213972748053669171e-02
2.198910317810068293e-02
2.160699167304178103e-02
2.156811427657054012e-02
2.141977561461232832e-02
2.125645242960417028e-02
2.119004198536809241e-02
2.085118216816496048e-02
2.066093480189659312e-02
2.037613793479099017e-02
2.028431305467507176e-02
2.013740302586835076e-02
1.973339124832186250e-02
1.948528400179077788e-02
1.936552512467243012e-02
1.923417827931341029e-02
1.912265172720369402e-02
1.905180582934183631e-02
1.878432073490904353e-02
1.870666880254028691e-02
1.861545732687340526e-02
1.841505559226407421e-02
1.820996513740272271e-02
1.813044901815668089e-02
1.800694798492434925e-02
1.789452434813599419e-02
1.764899797048079602e-02
1.749500744263300656e-02
1.742336702436812768e-02
1.722847968723813933e-02
1.703323305165640317e-02
1.699555003758021834e-02
1.682945076450463942e-02
1.666712381908053847e-02
1.648443941035952071e-02
1.644494834433892286e-02
1.632927590810233018e-02
1.617348533700797494e-02
1.598265663257027180e-02
1.586592791110232742e-02
1.574811244349300435e-02
1.567885534173521500e-02
1.557714809365733782e-02
1.552585113306862406e-02
1.527304599551159749e-02
1.520709711862953256e-02
1.493085474614793719e-02
1.488357370436930484e-02
1.479618693187214305e-02
1.466612568307252944e-02
1.464023780663319292e-02
1.460720230953690274e-02
1.448229071262453413e-02
1.438544714041729497e-02
1.429604273711658664e-02
1.422151088021467689e-02
1.414994328983081896e-02
1.408270751554469187e-02
1.402075335889066063e-02
1.387152676042899616e-02
1.374399284235084187e-02
1.366813166124846747e-02
1.359619830149114313e-02
1.354485473801449527e-02
1.339159390433774036e-02
1.335773795187268978e-02
1.330258543814318364e-02
1.315820306372512960e-02
1.307401545256515855e-02
1.301055524717554396e-02
1.288826291247378852e-02
1.277680112271691905e-02
1.269439410564237973e-02
1.264201382511736561e-02
1.259859260197867745e-02
1.253837749910888776e-02
1.240286581889259512e-02
1.229023714018561038e-02
1.224854037462281241e-02
1.219034086566413329e-02
1.210971401192974077e-02
1.202778310647823271e-02
1.199951094378263507e-02
1.191439530485590044e-02
1.184467792121688193e-02
1.181733715384480909e-02
1.177594476433708320e-02
1.170484191806147635e-02
1.166824250428916826e-02
1.162812693844846382e-02
1.146858698133549660e-02
1.143498435621392688e-02
1.137684861338615974e-02
1.132629999136781571e-02
1.128582670055507976e-02
1.114803142319530614e-02
1.113381921388606303e-02
1.104487064340183358e-02
1.101601592588989827e-02
1.091981164808563005e-02
1.085864552007555738e-02
1.077987474375904225e-02
1.070244273983134327e-02
1.067096100934961100e-02
1.064371522706397330e-02
1.057328444044759209e-02
1.045562133184882621e-02
1.040576662413592555e-02
1.035714540610987305e-02
1.033620817338904048e-02
1.023965006013224585e-02
1.021803060027942980e-02
1.019936596695984743e-02
1.013797408640144254e-02
1.009854194413182561e-02
1.006197791780819896e-02
9.981847436648783392e-03
9.935555910863726886e-03
9.877841674327500140e-03
9.819309963119866869e-03
9.795364298701569536e-03
9.736683332341983244e-03
9.697234345342496675e-03
9.654400431291908918e-03
9.639856575343970849e-03
9.606215824449737192e-03
9.523544041016044834e-03
9.456395239447450835e-03
9.434550816247892074e-03
9.371892704277304600e-03
9.341515132404753716e-03
9.278049340591225380e-03
9.252498923529167696e-03
9.238248489979318523e-03
9.180918650095822378e-03
9.142149225938126303e-03
9.105884354045599982e-03
9.041455806441082640e-03
9.028560155711282120e-03
8.981943025530852651e-03
8.976025248466138612e-03
8.931890227645525315e-03
8.923506448459584892e-03
8.873693561493398857e-03
8.864590659085782795e-03
8.792579222411889273e-03
8.734732617459668724e-03
8.683027928783334376e-03
8.661436953545514905e-03
8.625029513808743151e-03
8.588987319560845851e-03
8.493821015526276802e-03
8.481820577633242611e-03
8.455250128771109319e-03
8.412190255947362208e-03
8.375910978033432319e-03
8.363439325375986860e-03
8.321261786594950569e-03
8.298773095508976336e-03
8.225362205372181018e-03
8.212109892835913263e-03
8.191618984846380999e-03
8.152350870776809214e-03
8.147991473658185851e-03
8.094048682076776524e-03
8.076526814770260479e-03
8.058766188292836377e-03
8.037670439006803363e-03
7.997648017770597056e-03
7.994845507341299604e-03
7.943979794240638853e-03
7.926820230114947283e-03
7.897735501928777532e-03
7.841715278687962434e-03
7.805526169882608979e-03
7.780509898185789322e-03
7.738897986922746441e-03
7.727220491092506860e-03
7.686708222434902524e-03
7.654687516897540692e-03
7.624815496775566928e-03
7.592293237841184206e-03
7.566917039252985672e-03
7.525341308011702576e-03
7.497296203642880852e-03
7.482855414913599200e-03
7.468401032574446125e-03
7.432349677817377299e-03
7.409053552861252952e-03
7.390467043089586109e-03
7.355401558145485685e-03
7.343787831205409247e-03
7.303630717153958805e-03
7.293162851419045245e-03
7.274298548199113063e-03
7.252443134534243031e-03
7.231043507780005042e-03
7.192740027436888249e-03
7.167529908565347697e-03
7.138839686665504961e-03
7.107331035775182881e-03
7.085167213280385394e-03
7.077231041405933169e-03
7.053364686332761792e-03
7.040290743659862252e-03
7.038746903188181601e-03
6.969351589116860694e-03
6.962996720169399752e-03
6.945491478847668800e-03
6.905689624449755371e-03
6.879611704786413144e-03
